7.444737637658151996e-01
7.429869808445612733e-01
1.549420212342023928e-01
1.546335037441315119e-01
5.937511961575734319e-03
5.925702124900237427e-03
1.229681955746535996e-03
1.227242704453513234e-03
1.596172081551416422e-04
1.593012461178355420e-04
6.667646366754407170e-29
1.219627972031155915e-31
1.041274403714532453e-31
5.467375147676692208e-32
7.432189357736610495e-33
7.432189357736610495e-33
7.432189357736610495e-33
7.432189357736610495e-33
7.432189357736610495e-33
7.432189357736610495e-33
7.432189357736610495e-33
7.432189357736610495e-33
7.432189357736610495e-33
7.432189357736610495e-33
7.432189357736610495e-33
7.432189357736610495e-33
7.432189357736610495e-33
7.432189357736610495e-33
7.432189357736610495e-33
7.432189357736610495e-33
7.432189357736610495e-33
7.432189357736610495e-33
7.432189357736610495e-33
7.272570777041406151e-33
1.895194945850831409e-33
