-4.198978276073466742e-01 9.998226172348317897e-01 1.594925354081765936e-03 4.219718693068176540e-03 -1.204772411329737246e-02 -4.289361603533476883e-03 2.892775602746514366e-03 -4.287860294074603509e-05 2.140464341847803879e-03 1.198529443404948089e-02 2.462899252479847415e-04 -1.653950746361335534e-03 8.721638131471814970e-05 2.455888240835516498e-04 -7.731817416171526264e-04 -1.965376826101592530e-04 5.560816351305469417e-04 6.811053089213083391e-04 8.614207399353008589e-04 2.515848831510634868e-03 3.612464446439812653e-04 4.359418819576332468e-05 2.377845381329440747e-04 1.862563784141109326e-04 -6.106608459876904484e-05 -1.474939337657401152e-03 -1.882402400383490881e-04 3.242187329552456828e-04 -4.514879488720389885e-05 5.675165430179599218e-04 9.754018315249404368e-05 1.167715046858400770e-06 7.733055667859184748e-05 -7.703175544280660566e-06 -7.835239706058598713e-05 -6.859627115516026084e-05
-1.564290629833209323e-02 8.564129355759056081e-03 1.338783636014175549e-01 -2.976100458806260618e-01 8.419346931638439502e-01 -3.820072728465734313e-01 2.718209956951669198e-02 -5.753924567368512086e-03 3.172325979480029867e-02 5.886471417373115300e-02 3.390314426976225731e-02 -1.284172600979704114e-02 8.009620948552589187e-03 1.763586160381578824e-02 -7.793097088349505708e-02 5.101545300916880687e-02 -8.956916413411405986e-02 -9.502004945097897171e-02 -2.405203973801366482e-02 6.600265204827587828e-02 9.535748340240150431e-03 -7.805760941901773069e-04 1.559043464352383168e-02 -2.327530331167411166e-03 -6.840613898738397668e-03 -5.331392374810531472e-03 -8.058271906322701447e-03 -1.085275300690352954e-02 -4.887447754677216177e-03 2.533484992448510435e-03 1.327721361948857454e-02 1.066647327577541476e-03 1.266684520819955778e-02 3.496618257688857180e-03 -3.250194097668825371e-03 7.998840067438832413e-03
8.427126365202955438e-02 1.114676674561734804e-02 -2.741482928355518101e-01 -1.250149455588762393e-01 3.527300850414519795e-01 7.739726401874179595e-01 -2.037652486582023359e-01 -1.286435573682825472e-03 -3.183656407850729564e-01 -7.748277701708493337e-02 8.613392140962397234e-03 7.153887413188876609e-02 2.368867544778264708e-02 5.593092680735541750e-03 -2.629930701544614183e-02 2.253727439364600071e-02 -4.367008278206873512e-02 -1.507772669875936944e-01 -1.699926505199095619e-02 -5.892443506276340282e-02 4.355868499811803643e-03 7.608093313083313415e-04 6.246728631550832467e-03 1.996881591734277726e-03 -1.785256222994024543e-03 1.081693830700923564e-02 1.755623511958469100e-03 -1.309008336855016150e-02 9.992484368442585731e-04 -1.756746986295444971e-02 1.749942368789227098e-02 5.443367329199764191e-04 1.910507391228179891e-02 1.686404481749922578e-03 4.065125379354373597e-03 3.424556502724519606e-03
-2.072041714152529912e-01 -2.571483634678214773e-03 -1.261019562693994622e-01 -3.680982466705768480e-02 1.008471293599721569e-01 3.584463616199757285e-01 4.747399603666584977e-01 -3.066575363385760488e-03 7.388111202199582062e-01 2.043540485440552001e-01 1.804353499249027742e-02 -1.612473417843337253e-01 2.012553068982741653e-02 7.469395691053891395e-03 8.607056036053805856e-03 2.217542628474324096e-02 -2.715822851366561652e-02 -3.348158407328716279e-02 -6.413222230103406488e-03 -3.767458870292604480e-03 6.704126042111789238e-03 -1.653492091769092655e-03 5.288050921495331298e-03 -8.581829674459990481e-04 -7.973517545370987364e-03 -3.025527075276102443e-02 -5.795489732275021025e-03 8.545564577845702128e-03 -1.956919342055985476e-04 2.053146957237982420e-02 8.607066248258759059e-03 8.633230349271900882e-04 1.071465591950284194e-02 2.197412083265352662e-03 6.564602502512468379e-03 2.229949025494650829e-03
-1.114113413299038999e-02 -0.000000000000000000e+00 8.409702209142663060e-03 7.686994065995974255e-03 -1.003410669040648018e-01 4.084683898044923211e-02 -8.405358044998036474e-03 -7.847308679276991314e-03 6.245529479314593929e-02 -1.690001351854879819e-01 3.597202253981598291e-02 1.999702219821728466e-01 -6.592130526351980269e-02 4.433733736850185153e-02 -2.704414051192123858e-01 2.723113793834480711e-01 -4.376011562152504752e-01 1.159698841147753789e-01 -2.224640201403507156e-01 4.941265445669747458e-01 -1.827782170122628502e-02 1.252721833542378826e-03 8.017097541869307176e-02 -6.142264908367500720e-02 -6.655278413991413955e-02 -3.251563592475352482e-02 -1.214198083837225717e-02 -1.175579675640212318e-01 -6.500555187354829789e-02 1.347557201928448189e-01 1.898530168126182915e-01 5.106311855402474210e-03 2.821150626100737413e-01 1.717819087306720130e-02 3.033638873268790781e-01 4.123731868776276538e-02
2.792935013679052197e-02 -0.000000000000000000e+00 1.922322047110713947e-03 2.079349552596673062e-02 -4.992893939257381924e-02 -1.989474172746558459e-04 5.307826534303472857e-03 -8.287227816186799878e-02 -3.201699793781865450e-02 -1.861479921897941092e-01 4.923230833573438714e-01 -3.090975705808046703e-01 9.833485622158327777e-02 2.748746440098870369e-01 -1.132570009225501578e-01 7.422437382388002991e-02 8.174157433872326559e-03 -2.238351411298230009e-01 5.648231766305927826e-01 2.179282878409490032e-01 -1.390701287163770283e-01 -2.397253217683485010e-02 -1.136739644205761110e-02 -1.914999781225818626e-02 7.453529242794275367e-02 8.196616691432989654e-02 -1.202580554404668461e-01 -7.981045171212133860e-02 -2.976646072146911168e-02 1.903686133891622223e-01 -3.863046836038241949e-02 2.322549428508782852e-03 -5.085533763229615339e-02 3.862358422818669597e-03 -3.904349750329686591e-02 -7.747450819493619141e-03
-4.678715302014876953e-02 0.000000000000000000e+00 5.804763720326715053e-03 2.210522575055155758e-02 -5.373300038363097719e-02 -7.033770004962386357e-02 -5.337889824935324219e-03 -7.288851593992812239e-02 1.216853994536213623e-01 2.479034491503563989e-02 4.306911669897455774e-01 5.049154472821314465e-01 1.956759961770938513e-02 1.755476384696007600e-02 -9.516656274722066350e-03 -6.301707746507291541e-02 1.817986006433735743e-02 -3.296107503335445887e-01 8.084858208928211165e-02 -3.042785203463309607e-01 7.744229766519411529e-02 -2.602220077053260614e-03 -1.245559765836001115e-01 -3.611841774423301538e-02 -1.006824252280974913e-01 -1.097740236912008310e-01 -8.545195107386034661e-02 6.164986024948726495e-02 -7.552493476490436397e-02 -3.632972851076455290e-01 1.918864441368929308e-01 -5.871546663906013555e-03 2.440917583642449318e-01 -1.051354534890514350e-02 1.644293467059080027e-01 1.455978853545762154e-02
2.253620270946700421e-02 -0.000000000000000000e+00 4.322475302649872713e-04 4.878319135450494455e-03 -6.634550053161880623e-02 -2.743809455893367680e-02 5.398904174268989373e-03 -1.683657599396703661e-02 -4.752917826663833473e-02 -7.655601942363926549e-02 9.131655066378950580e-02 -2.485094569027148648e-01 1.189178641217638749e-01 6.454376926460450581e-02 1.204732586411238898e-01 2.081490428639343471e-01 -2.895494723432773809e-01 -1.113534717879733626e-01 -8.531761879510664504e-02 -5.970176562518373503e-02 5.864607826941619084e-01 -1.289281904834679582e-01 4.152452995623845400e-01 -2.076161405008176974e-01 -3.334334222403351200e-02 2.053784109892611495e-02 -2.928368927247308393e-02 2.691507985276746506e-01 1.026866979118713774e-01 -2.265814609029720150e-01 -2.754776955580642145e-02 9.941980009181238670e-03 -6.348219158485421398e-02 2.122944327725004299e-02 -1.221238808784204100e-01 -1.661543038907968561e-03
-1.098546166339529548e-02 0.000000000000000000e+00 -1.073703172036863732e-02 4.101949991350284548e-03 3.383358727728983523e-02 -5.008843796716132973e-03 -3.135718692764945248e-03 4.072757730203062365e-02 3.473095111857230077e-02 -4.565354333937534509e-02 -2.558459583899492795e-01 1.572220036211794958e-01 5.061239100111903921e-01 2.939452510457755009e-03 3.747666393114673644e-01 -1.227503687500035717e-01 2.765989231355789335e-01 -1.382183005938237563e-01 1.796384537389579261e-01 3.859033550211880548e-01 1.803633482295377843e-01 8.085394512456779703e-02 1.991502806934657421e-01 1.848902683160079385e-01 -8.713837731072809900e-02 -5.295891713073849066e-02 -6.413562285393044349e-02 -3.322794626813152519e-02 -6.303480829022845011e-02 7.514852918100375055e-03 9.229132597688989581e-03 -2.226491861186511920e-02 8.693201725009493119e-02 -4.569681803883503951e-02 2.683811704972006162e-01 1.610574935696403379e-02
-1.638864433482367655e-02 -0.000000000000000000e+00 3.012917386973448883e-03 -1.210457160332171177e-02 8.476427295734646761e-02 7.381739628523045771e-02 -1.254340985681618413e-03 5.300531600640819886e-03 3.631975449762701175e-02 1.779131293423169211e-02 -4.957380910533101814e-02 1.821781111922885776e-01 -4.029047455070481898e-01 1.019299920433751477e-01 -3.222741321171646023e-01 -8.170284505019936860e-02 2.984511686762440497e-01 4.225914525670949606e-01 3.821426828086616490e-01 8.629881552273518941e-02 3.044122999387015582e-01 -5.611459602142956915e-02 2.534221085396193285e-01 6.476914845137802038e-03 -7.512479273640187971e-02 -5.369719701377445586e-02 -1.269940380539737179e-01 -1.285280741603443341e-03 6.548658391993206207e-02 -1.675311278079670008e-01 -8.934368386171469278e-02 -2.039529179572977316e-02 -5.626029788761102018e-02 -4.277519735139329732e-02 1.222472283245511215e-01 8.611110174332560485e-03
1.480740855793311050e-02 0.000000000000000000e+00 1.682464614943938921e-03 8.125113011635029091e-04 -4.516009584189270391e-03 -7.562699190629239808e-03 7.217825633146783895e-03 -8.990020003439380333e-03 -3.874845793168988500e-02 -2.338182341443074616e-02 1.016084696022581946e-01 -1.892513331896215345e-01 -1.157524669843415094e-01 6.041206819061283560e-03 -9.904005033415055892e-03 -1.237312623766303188e-01 -1.382617281879959248e-01 8.475275002864898766e-02 3.180414842090199118e-02 -1.705070456502187359e-01 1.597137397562359562e-01 4.156154695326138571e-01 2.293475549512133116e-01 5.635079169268099042e-01 -8.120457356403464055e-02 -2.449246234758757287e-02 1.719032188990142207e-01 -9.076702071190972942e-02 -3.810291056171450363e-01 4.996100288186557103e-02 2.207125318003516079e-01 1.381470702522442917e-02 1.836378804672532949e-01 2.756043305238060903e-02 -1.473114900293883422e-01 -1.531311875739353213e-02
-2.719259925210161521e-02 -0.000000000000000000e+00 2.930304649105042614e-03 3.679299436830881821e-03 -2.751063512339384926e-02 1.258247769952858253e-02 -4.642810284573415866e-03 -5.832288699833884996e-03 8.486000009301834790e-02 -1.484133908021646048e-02 1.532348043804141746e-01 3.340546823780943808e-01 3.306368337570936983e-02 1.678612673776985406e-02 -1.183445342060620159e-01 2.749269180048902889e-02 -1.222914605169074242e-01 -1.025175222148489718e-01 -2.371166147636159793e-02 1.912424924401270321e-01 5.444740582261899109e-02 1.837406413484981571e-01 -2.199364693298490325e-02 2.758698759069482254e-01 2.262186933928664878e-01 7.316905617433262787e-02 4.785690201501280883e-01 1.983551272365273177e-01 8.793631975860963235e-02 -6.808710030869745411e-02 -3.962902464743197073e-01 3.481419110326344768e-02 -4.022420018148138432e-01 7.913886037162794207e-02 1.328366108082956569e-02 2.637405496724558318e-02
-1.794933100361582878e-02 0.000000000000000000e+00 -2.854265690830713742e-03 5.269873497462500452e-03 1.721721207532656353e-02 1.295539830214033697e-02 -3.974228557590012145e-03 -6.205862462474301400e-02 4.365627903663368836e-02 4.127548166455523304e-02 3.216241954947268722e-01 2.587247901668031647e-01 1.951307965207833145e-02 -2.050770271040572024e-01 2.528018542722662229e-02 -1.838478321524531223e-01 2.140736159570847674e-01 3.077078785932978872e-02 -2.660402801718181331e-01 3.835709153822132456e-02 7.098905914513453652e-02 -2.180251877641676758e-02 3.873934373331090475e-01 -2.447873111335949481e-01 3.159013371871220444e-01 1.511815865415037929e-01 -1.344389012444876796e-01 -1.476066246492177825e-01 -2.452368194952250502e-01 3.720779346354344264e-01 -6.078783795510055328e-03 -2.054010419309819369e-02 -6.566325809983955542e-02 -4.448786809692018701e-02 -2.058866564877902816e-01 -7.793034481026420851e-04
2.284604338096283410e-02 -0.000000000000000000e+00 -3.119246368973325849e-03 7.510853713932007757e-04 3.040242780862600566e-02 2.127686579232348704e-02 2.440468407978865426e-03 -6.040409844776986614e-02 -7.228303824483556239e-02 -1.888185082264478773e-02 4.202598781969315023e-01 -2.894197121686070129e-01 2.600830189976302553e-02 -2.162843958700104707e-01 5.646610248363315154e-02 -3.829996746749727010e-01 4.189328365428154205e-02 1.383336219411566981e-01 -2.403196109679366088e-01 1.026711677644611964e-01 1.406156654357024714e-02 -5.022492445151256063e-02 7.556799838625353517e-03 -4.824487001680152071e-02 -3.710345316709715013e-01 -1.991323119414778464e-01 1.749710155893677843e-01 -2.273186147993796757e-01 1.768432408839734349e-01 -8.999214437721222981e-02 -1.670748328091599122e-01 4.243443460667241374e-02 -8.300599479961109917e-02 9.188755975333183501e-02 3.055156237367637750e-01 1.467110788242481471e-03
8.239276392027344853e-03 -0.000000000000000000e+00 -2.564939723155699406e-03 -1.328008804348089532e-03 3.823899355907582620e-02 5.177470305981592830e-02 -4.635616505471033474e-03 -1.908349517288510100e-02 -4.358694137362971455e-03 -3.115067782304290975e-02 1.036814785177239823e-01 -4.442997457855442367e-02 4.589546709684889231e-02 -1.101759873901614756e-01 -2.230413426242627492e-02 -4.320095190995223988e-01 -4.943519321866142457e-02 1.952599258891067613e-01 -1.531727409115526094e-02 3.920954534870860764e-01 2.949486388723416772e-02 -2.250109076759668203e-02 -2.800250349326193766e-01 1.194788602321724021e-02 6.401607182465238188e-02 1.763933790629084730e-01 -9.693941646705785120e-02 5.175201038378175467e-01 8.068289793194571846e-03 -1.659270963501938978e-01 2.316001785783592948e-01 7.984393625333791045e-03 1.512143134465217531e-01 1.599035891761924413e-02 -2.982773331077746004e-01 -8.438267541334984814e-03
1.496599827994472831e-02 0.000000000000000000e+00 -6.649569895030622456e-04 -2.218252586379892109e-03 1.397086638810352693e-02 -9.411524961659707700e-03 8.550245615558615953e-03 -3.814334630501518570e-03 -4.017010656235089211e-02 -2.081687282774618078e-02 -1.388993774322038084e-02 -6.120605214113670339e-02 -7.985677969863178016e-02 -9.775316581772421076e-03 -4.841269108923170611e-02 -6.294064678582809991e-02 7.810329489538176892e-03 -4.715289846606552510e-02 1.482456549008391057e-02 -1.709372287741099672e-01 8.143211298190961012e-02 6.836485115241436317e-02 -9.192246723815253318e-02 -1.182363079518178456e-01 -1.216545117405659349e-01 -2.174119494505799000e-01 -1.848977071708103603e-02 5.906079541678774802e-01 -2.786384188688212915e-01 4.898503351894389901e-01 -1.377692707473780753e-01 -5.676435815561936549e-02 -2.982452041839124199e-02 -1.198142637746676537e-01 3.857172290885061972e-01 1.885518436596738193e-02
1.122151605094688642e-02 -0.000000000000000000e+00 -1.741423308509314856e-03 -7.933390825595696208e-03 2.381660650141240176e-02 2.498508596237823329e-02 -3.246092882954196637e-03 -2.173109337806697003e-02 -3.024952127582602318e-02 -1.796658896472961078e-02 1.156814698712264333e-01 -1.371156392671328828e-01 2.250599870349982712e-02 -2.602544790363463603e-02 7.060711676706385269e-03 4.811034829505936306e-01 4.876626142492846427e-01 1.090902679628649452e-01 -1.416668562893186045e-01 1.684975243997151040e-01 7.133643914178746000e-03 1.460745986177000855e-01 -1.567206099531992802e-01 -1.946338243790913247e-01 -5.071769140275357579e-02 -7.034420309994753040e-02 1.827728870529962968e-01 8.925064548176241119e-02 -4.150704865598720539e-01 -2.448174014455091474e-01 2.600021405139103445e-02 1.047980339808466943e-01 1.038703140070904724e-02 2.307338938818966068e-01 -5.630987217173592102e-02 2.914222162301609298e-02
2.935820912774100237e-03 -0.000000000000000000e+00 -1.371688999741465641e-03 -2.693017191224913748e-03 1.886269305777438579e-02 -1.467090818042086388e-02 -1.362132728959645090e-03 1.259166928146526060e-02 -8.708684905562417977e-03 1.049830023339567292e-01 -2.468059395798872374e-02 -2.600372751230144597e-03 -3.048485439064597263e-02 2.744333538531373504e-02 5.650758050609629851e-02 -4.557368430480607246e-02 6.982300490417930883e-02 2.660560584997085157e-02 1.209739210847627228e-01 -1.602782402531341133e-01 6.695872678291995769e-03 -3.906638596560221832e-02 1.038930976718930727e-01 -9.754552194621837757e-02 -1.329147651463236622e-02 5.809508648892390825e-01 2.698277417122843524e-01 8.539258035461119722e-02 1.609940302082393526e-01 1.687880711738241890e-01 1.371730408624017294e-01 2.228984768495643476e-01 2.210447258903686096e-01 4.912149754189322759e-01 2.788053996750976538e-01 6.506442562904010685e-02
3.568524818143632271e-03 -0.000000000000000000e+00 9.918844432607340587e-04 2.191846245345947450e-03 -2.252137318324998194e-02 1.901947719515691571e-04 -3.501451005121999655e-03 -1.102636682534205090e-02 -3.260420792432896630e-03 5.878547553530037023e-02 -4.024807520639307051e-02 -7.821254552455758624e-02 -1.600032976859744674e-02 -3.763113213226072784e-02 -5.132076454861695530e-02 -3.743216359103970076e-02 -1.447745060893883828e-01 -4.666233834608784353e-02 -1.172513364174401218e-01 -3.254551827749326606e-03 -3.779554495196821989e-02 7.609623414529387286e-02 -6.674169231417824422e-02 9.507516421901078540e-02 -1.298575456674283257e-01 5.221062532936430189e-01 -4.750456823866306966e-01 -5.940178880257474675e-02 -3.694588277666319698e-01 -2.624954847885532794e-01 -2.881975711815629726e-01 -1.442115018384246966e-02 -2.270669998448083537e-01 -1.640472231693866981e-02 2.364167337365090105e-01 9.893609766939233385e-02
8.205235797252741214e-03 -0.000000000000000000e+00 -2.633885553917782282e-04 -4.183419433617755270e-03 3.915441189461646432e-03 7.064960760634134140e-04 -2.311569956552711903e-03 -3.378439054134559083e-02 -1.902780658488840981e-02 1.921593044999032190e-02 2.551662339928107426e-01 -3.806608712304137415e-02 -1.731581457481232503e-02 -6.911925423200199203e-02 1.775679604703891273e-02 3.660471187370341606e-01 3.089403993430651085e-01 5.004318208631331616e-02 -2.487329985520704556e-01 -2.151301606542291647e-02 1.677217345514328897e-02 -4.547528033965853034e-02 -5.823482849478676254e-03 4.472280248832501970e-01 -8.615640399950015571e-02 2.177257186889929030e-01 -1.681342437827000602e-01 1.738225291256653982e-01 4.113683460302078876e-01 1.452558422244031311e-01 6.618594380569306490e-02 -1.383619855779645025e-01 8.196557766766532360e-02 -2.811729483414233122e-01 4.900029553972196777e-02 1.188901825847364369e-01
-4.902181295615593015e-03 -0.000000000000000000e+00 4.460651875404825933e-04 1.726866698380935842e-03 -1.098915108003293770e-02 -1.008856720086278832e-03 1.606148239808465571e-03 9.510288143905521602e-03 1.420615149705242546e-02 -3.464025876175028714e-03 -4.573295895659068577e-02 6.118411470245910255e-02 1.105639805562339158e-02 2.908419314917896209e-02 -7.441738538800768583e-03 -5.464002097219193554e-02 -2.605947711104282527e-02 -3.246920467440972402e-02 7.579426772599470730e-02 1.027075265473466510e-02 -1.341219879844092596e-03 4.676854652110764947e-03 1.074740746385311006e-03 -1.323511358387283732e-01 -2.658529056296137782e-01 2.749913862325522804e-02 1.583759935265424135e-01 -4.850585906119057877e-02 -3.821496912575322175e-02 5.697895221683939304e-02 2.477266197144824961e-02 -1.100949307039322395e-01 -3.594353604512785794e-02 -1.052694106046438011e-01 -2.124462880653967822e-01 8.892584444863379511e-01
-4.859735588225368597e-04 -0.000000000000000000e+00 8.950380672337757484e-04 2.025439334356750158e-04 -1.141490385834247751e-02 -2.905074246646625977e-03 1.105619309794178334e-03 -7.369506755059207492e-03 7.433013063921696962e-04 -5.755285054889885954e-02 -2.850591507004154781e-03 2.298244436490622794e-02 -9.329824817431877845e-03 -3.801215347166449210e-02 -2.269505445547027184e-02 7.648666671963100759e-03 -5.140088271930811324e-03 -3.310247008900762261e-02 -8.089934715672887633e-02 -1.701943370162869659e-02 1.382781475975954424e-02 -5.263354391250181508e-02 -2.092046905990146803e-03 2.626770426876373632e-01 1.648693610942257304e-01 -3.692648517803645558e-01 -4.480781342348161833e-01 5.956381005176706461e-02 1.013773695421711640e-01 8.670292370737826826e-02 -5.390005367991450996e-02 2.626836509508734263e-01 -6.724671080169326853e-02 6.093188275965171208e-01 -4.162322877061147564e-02 2.807872044352319185e-01
1.758195977535355337e-02 0.000000000000000000e+00 -1.654232715121944355e-03 -6.070457590807934282e-03 2.046582699447434608e-02 -9.837744848656671242e-04 -1.679182847038900809e-03 -2.648182691795213355e-03 -5.264568757190293130e-02 1.733130262790093939e-02 2.765679165977943943e-02 -2.608377246635540936e-01 -2.030317996057234495e-02 -1.959286581434670563e-02 5.341030406784463835e-02 -6.474715171810138670e-02 4.519852763568166796e-04 9.173640732379143015e-02 -1.187810337274027017e-02 -5.872032279908680208e-02 -2.235257528614498571e-02 1.835952404946395930e-02 1.057282886211200097e-02 -1.090321508042819271e-02 7.163578502235948831e-01 -8.030531259816525713e-02 7.276739821699575173e-02 -1.802921456324390811e-02 -1.127168679534701519e-02 -2.502490368855064817e-01 4.266473657818583426e-02 -1.026636410782668513e-01 1.580608913389203174e-01 -1.762025661505348950e-01 3.960941976643820306e-01 3.057347538332363390e-01
-1.259349825257392516e-02 5.057403802277728004e-03 -1.597500945401290895e-02 -5.027540269772728249e-02 1.100512881072759075e-01 3.252021222370712894e-02 -1.020943308476335645e-02 -3.428289550644295081e-02 7.760888815223840331e-02 -2.261905284716455300e-01 1.986383334295771519e-01 1.972308746001978086e-01 9.026923437245812365e-02 1.352633629838966844e-01 5.496653252346439533e-01 1.462722236657299502e-01 -2.327292739534567723e-01 6.018305122249766326e-01 1.261585089449313302e-01 -1.700822408893608861e-01 -9.188915495686084123e-02 1.979331122805155503e-04 -9.454392478661001464e-02 -2.018743333016432759e-02 -6.158829919814139131e-03 1.088564758169549562e-02 -5.378884645132885056e-02 1.222644124043384579e-02 -4.960928112579331833e-02 3.692820548892267185e-02 -7.383971090587379549e-02 1.611650648285354714e-03 -7.459827294065819736e-02 5.286577590611444936e-03 3.688974747878957794e-03 1.210840385525984580e-02
1.102138495002978093e-02 -1.117808050982631654e-02 -6.369247829171681592e-03 1.047404052972382947e-02 -5.422240343556396919e-02 2.772040649657798658e-02 -3.745629410297426909e-02 -2.433197238772747892e-02 -2.365631552952913996e-01 8.905089827228835908e-01 1.423146156675600404e-01 3.989170159939577770e-02 7.377151881004055667e-02 1.005360425636775829e-01 9.162027884318620086e-02 1.050584501129395859e-01 -1.614810442517282951e-01 1.177607136789568243e-01 1.002249299088525253e-01 1.407535279123508787e-01 8.446428798901517822e-04 4.529849318371598037e-03 -4.549372839510453653e-03 7.931562447147750758e-03 -1.343548289633336897e-02 -1.133386456097131567e-01 -4.426326289199705027e-02 1.119727187323317323e-02 -2.918659244886214962e-02 4.716883082687371720e-02 9.592421036765759121e-04 1.995043356400853871e-03 -5.429383457180390199e-04 5.557965669696324218e-03 -5.285765290315613124e-03 8.373042259566200810e-03
