7.445236671176586052e-01
7.430367832471539424e-01
1.549687194671943435e-01
1.546601476426219812e-01
6.013202103296107388e-03
6.001240908808934925e-03
1.234484935402507507e-03
1.232035010550608812e-03
2.923199405463311712e-04
2.917410501582133955e-04
8.347642792809563991e-05
8.331161378520910267e-05
6.667205203005990223e-29
1.713198697208643052e-31
1.244355381207578061e-31
2.868493529690582974e-32
7.432656956447786807e-33
7.432656956447786807e-33
7.432656956447786807e-33
7.432656956447786807e-33
7.432656956447786807e-33
7.432656956447786807e-33
7.432656956447786807e-33
7.432656956447786807e-33
7.432656956447786807e-33
7.432656956447786807e-33
7.432656956447786807e-33
7.432656956447786807e-33
7.432656956447786807e-33
7.432656956447786807e-33
7.432656956447786807e-33
7.432656956447786807e-33
7.432656956447786807e-33
7.432656956447786807e-33
7.432656956447786807e-33
7.432656956447786807e-33
7.432656956447786807e-33
7.432656956447786807e-33
7.432656956447786807e-33
7.432656956447786807e-33
7.432656956447786807e-33
7.432656956447786807e-33
7.432656956447786807e-33
7.432656956447786807e-33
7.432656956447786807e-33
7.432656956447786807e-33
7.432656956447786807e-33
9.660559509952454584e-34
