-4.215261265676195079e-01 9.998557776361838290e-01 2.488291310173943068e-03 2.500978046816565870e-03 -7.050538033275813819e-03 -6.770354276686972074e-03 5.973234994156885296e-03 -1.037247656181373003e-04 9.144893360025378726e-03 6.776516335340469592e-03 5.985450083223625706e-04 8.517682449155777619e-04 -1.821753087035374741e-04 -5.824448912675607264e-05 -7.992063738354008998e-04 -5.295886579861978612e-04 7.849865810437128139e-04 1.416297268903325560e-03 4.259709220256760400e-04 2.769084744948384878e-03 1.486381108978226723e-04 -8.419569923633166706e-05 -1.321437347435517720e-05 8.338565905783684425e-05 3.589921440370836598e-05 -1.328322607334047906e-03 -3.394595927844326687e-04 2.822243362527863844e-04 8.432742284062580223e-05 3.996802865373951788e-04 1.526535028447558416e-04 6.236877484111720863e-05 3.047124080530512610e-05 -2.825424471003477856e-05 -5.996663454130079168e-05 -7.668779580718667515e-05 -1.355028249238584073e-04 -1.050970983826758263e-04 -2.523522328688205933e-04 -8.895598029682844456e-05 -7.921821498326312458e-05 8.469313604530219084e-05 -7.684445809087793217e-05 -2.385772604249355731e-05 -1.021839841176168189e-04 -4.885719465766143952e-05 -1.462321159837772888e-04 -1.537292689067972927e-05 -5.662542194107035576e-04
-2.797075060670366209e-02 5.253173935563320261e-03 -3.265300778880472210e-01 3.515806738879578841e-02 -9.870544418132287667e-02 9.268589840464636076e-01 5.890155849662543491e-02 2.536350095712548280e-03 9.311909990548099259e-02 1.794021753157466412e-02 -1.450971069506018507e-02 -2.027723662532148613e-02 3.389276896384978144e-02 -2.975539868945520274e-03 2.664835354474325360e-02 -1.059755608205137367e-02 1.259355011398410884e-02 -7.225068112079890970e-02 4.414593045845342789e-03 -4.982528346971071276e-02 -1.249260252563163284e-04 1.321458664816190832e-04 -2.094341890036712623e-04 8.677371441477357839e-04 -8.842509194015979847e-04 -3.041944579392698734e-03 4.517833473954293091e-03 -1.033739342085743105e-04 3.135500329699537903e-03 2.446546910734554792e-04 8.865445696258292133e-04 -6.962138340925620511e-04 -4.735142196292848639e-03 -3.668372111424356868e-04 8.010909643621600545e-03 -1.172593373820597943e-03 -2.860061320181947041e-03 1.036099945290320720e-02 -4.362547105744444056e-04 1.839619400650949286e-03 -6.843670198693284747e-04 8.297723374928249809e-03 3.721995807787466335e-03 2.928380865796353515e-04 3.000847387583543448e-03 1.031648288404956411e-03 -1.815141679319983228e-03 2.038226206267667630e-03 -1.509652849845483482e-03
-9.791559225578103098e-02 2.151877762425838999e-03 -1.694316565345626788e-02 -2.961195814594439479e-01 8.379837498298822185e-01 4.149602509807204936e-02 2.171428122733627952e-01 2.390864399998100104e-03 3.497155247078068685e-01 6.354246745708672095e-02 -1.384273579740691318e-02 -5.100004017682479435e-02 8.050369369482203441e-02 1.359577327927111688e-02 7.951143797929338675e-02 5.533353095464049742e-02 -7.692971080837718301e-02 -5.569923602745330271e-03 -3.097583350431118085e-02 4.227489269437025715e-02 2.976502980427516570e-02 2.447897985043676495e-03 3.493875028751663309e-02 2.198365456983224567e-03 2.212547312811900119e-03 1.856948294272496754e-04 4.794450433180588202e-03 7.733983261260997909e-03 -8.992006488408114387e-04 1.025969835767463062e-02 5.143382870723525041e-02 -8.641785983937882477e-04 1.214137320931745270e-02 3.300673601408222330e-03 -8.638773801506058336e-03 7.084607332613821612e-03 1.475013122520373900e-02 7.040035977509158729e-03 7.281183565139502135e-03 -2.602745710141828039e-02 9.737146205857135500e-04 1.081153934006726276e-02 -5.078477218382539127e-03 -8.967541834209281719e-05 -1.305753564726951262e-02 2.652886438267469324e-04 -2.219023238125836586e-02 1.864424652706349632e-03 1.079798092697435751e-03
-1.988657240866847364e-01 -1.489452457193579486e-02 4.883863104884379747e-02 1.342605225603514252e-01 -3.781120432929911956e-01 -1.389834695223924887e-01 4.647640644220688011e-01 2.440075375810465150e-04 7.218329206499125572e-01 2.189026136363439179e-01 -1.229209183464141653e-03 -1.477797890932779912e-01 -1.833470550652855496e-02 -1.375937173984088935e-02 -2.668627522661453158e-02 -3.492070952640330406e-02 4.480740336076577401e-02 -1.111812192582353753e-02 7.587014819876579386e-03 -1.221224771185884343e-02 -5.493861926768997539e-03 2.436346367218042690e-03 -3.441594990664192683e-03 3.807283386389304948e-03 -1.302410936044426371e-02 -3.801647910590956470e-02 1.070807558596642041e-03 3.245840503486285052e-03 -1.813598245785576386e-03 2.153915564598991514e-02 -3.135301701708954891e-02 5.355178642224176118e-03 -9.963527887265304431e-03 5.089974632688531488e-04 4.183234804322581712e-03 -4.198475561787940076e-03 -9.454444055171987854e-03 -2.279920159205200785e-04 -4.536997156255208503e-03 5.770267686596761147e-03 3.937342597119112761e-03 -2.172673378677318634e-02 1.502814770648846533e-02 2.615757027126967699e-05 1.857244693350465665e-03 -1.393982924285731872e-04 -3.555959417988097809e-02 -8.093729345615630543e-04 -7.190803704425054697e-03
4.258480869698620663e-02 -0.000000000000000000e+00 -7.634543557227490423e-03 4.663181725725205375e-03 -3.725405591123813302e-03 -3.313553865759237549e-02 -2.189383516892801085e-02 -2.963572200459159769e-02 -2.315955979194624925e-01 4.650291671043488839e-01 1.759509726350578229e-01 -4.492240096932066384e-01 3.614470040261494876e-01 -3.207080528366207384e-02 3.299220818470037786e-01 -2.406210581190224018e-02 7.143224777125846414e-02 -1.935854730378172850e-01 -2.443317646754339378e-02 -5.159035021045903918e-02 -4.069126749618519334e-02 5.178201537485069804e-03 -5.073931156501199774e-02 -4.451117429724438246e-02 -4.495618323392669424e-02 5.564324844129053815e-02 2.809011213733110350e-03 -4.618327985112851558e-02 -5.255183886685626388e-02 -1.111422854668660670e-01 -9.834163832198124233e-02 -4.823650884530697458e-02 3.330772005769284255e-02 -2.134648752535808075e-02 -9.382943464719515833e-03 8.345993822146205725e-05 -2.731354649307489446e-02 4.972857833302441605e-02 3.037368514490309396e-02 -7.111021894791941245e-02 -2.158399429426657509e-02 -3.453253220059983586e-01 -4.114954099162418388e-03 1.691830421709455403e-03 -6.882050267431887025e-02 -1.556883872278080503e-03 -1.723486673955764714e-01 -2.041067379922625186e-02 4.254474478907070700e-02
-1.338639102493640459e-02 0.000000000000000000e+00 -4.131722552699989073e-03 9.674872803854811867e-03 -1.268035213295415527e-02 1.770908327780633656e-03 9.656789115387177935e-03 -1.361157764814811821e-01 1.093661741621669292e-01 -3.031594466034646107e-01 8.245032094443937032e-01 1.548169206422080335e-01 1.504523554521741413e-01 -1.059458086455944137e-01 1.667214537064417579e-01 -1.071328216752925333e-01 8.502721946334085290e-02 2.676575250764891278e-02 -1.328876150912663145e-01 9.359005638085915457e-02 -1.468353203901267244e-02 2.181397001294965374e-02 -4.861822668979030870e-02 -1.254260176707135653e-02 1.717740644307611669e-02 -3.520305402747889861e-02 -6.816240460214754993e-02 6.823444067862921569e-02 -1.020789077620691265e-01 1.888935282091637816e-02 -3.872511822199992126e-02 -3.791551136034111008e-02 -7.173533248402030882e-02 -1.816652693531249640e-02 2.651876824968615529e-02 3.608976135716861211e-03 -9.614187661704721999e-03 -7.017022083111886660e-03 3.798892729774087235e-02 -1.594487382707310968e-02 -7.159535186916760573e-03 3.783087881264188268e-02 8.524285393422240120e-02 -1.058091720659076751e-02 1.114223290395683769e-01 -2.943670009640269106e-02 7.678517428862059735e-02 -4.008064195294866461e-02 -2.295892475761640225e-02
8.849891261761035077e-04 -0.000000000000000000e+00 -2.702086767831055059e-03 -2.138431075421309488e-02 6.511051960942446093e-02 1.777467242979409792e-02 -1.817512782646385494e-03 -7.202402821231952690e-02 -5.770246632609016962e-02 2.602398257275172488e-01 4.198150454281844302e-01 -7.610358443179179866e-02 -4.024279625441100627e-01 4.964710809161616833e-02 -3.309875605678520016e-01 6.384990142403946384e-03 6.168963452864765183e-03 -2.766988437909739806e-02 1.095890396791868865e-01 -3.639799187135801528e-01 -6.903583739608976089e-03 -7.467627360687703608e-02 8.922316635998436829e-02 -1.333403028679325253e-01 3.531461636270282617e-03 1.246903091896135463e-01 -9.142509333369777669e-02 -1.758747570136843241e-01 2.005215665871647613e-03 -4.565442023017772522e-02 2.490944731990298311e-01 1.668657237821699335e-01 1.861963984278848794e-01 6.722829145772588055e-02 -4.971099643183445049e-02 -2.260553651518189613e-02 -1.149670520644926509e-02 -3.004976069099534255e-02 -9.275605122293055504e-02 -3.409557868455420984e-03 9.983536714419918856e-02 9.399424874243915429e-02 -1.378184015526763284e-01 3.017109610945310845e-05 -1.768940550790590038e-01 -8.588250842238841568e-03 -1.116654627846223324e-01 -3.701780431432512286e-02 6.617550758842000169e-02
-2.631939544832412325e-02 -0.000000000000000000e+00 2.599669578793307317e-03 1.419001279058658936e-02 -2.488917258758967157e-03 -1.923127085745258633e-02 -1.930510396979129989e-02 1.681718917318154524e-02 1.053441686850813130e-01 -1.496196843008068544e-01 -1.052089839180862241e-01 3.552775010393839361e-01 1.218877956350769148e-01 -1.037941816413212592e-02 -1.686824049318139812e-02 -9.291516113119151210e-02 2.287439924389433055e-01 -1.843238664935373250e-01 1.174365139214169629e-01 4.389455610005239816e-02 3.595995155487904243e-02 -1.480091456425036700e-02 9.070491551229746541e-02 -3.607937908516881814e-02 -5.532864601610727566e-03 1.713067344739094833e-01 1.517795718725436886e-02 -2.083979865475703019e-01 1.281549502575132955e-02 -3.331559401722588021e-01 2.311588412692137107e-01 1.424210394601234386e-01 2.244923980462330271e-01 4.495353176503175119e-02 -2.854888884684546324e-02 -4.455569176639376933e-02 -6.627641322324477613e-02 5.314996206695805220e-02 -1.111106397793002049e-01 -1.784380194843822320e-01 7.445638634362876374e-02 -3.087339580398919536e-01 3.180090397025612803e-01 -5.255841538628431599e-03 2.014302889967459764e-01 -1.088807742715425762e-02 -2.813682643672328343e-01 -3.921303786939848469e-03 6.795761468274430506e-02
-1.554139943171723576e-02 0.000000000000000000e+00 -6.884738035408617500e-03 2.374481901034724771e-02 -5.632624578953376177e-02 -1.302189349432356265e-02 -8.183034642833868222e-03 1.843212550384426204e-02 5.690251120997805168e-02 -4.897795915513697418e-02 -8.345218433015962056e-02 1.537077136640586372e-01 7.039242012659524539e-02 -8.876044932356652595e-02 4.031735016238406355e-01 -9.106399498577316676e-02 4.776548713021235015e-02 3.059239110953856922e-01 -1.287599143076160746e-01 -2.071514174472814385e-01 -3.326552820623143031e-02 2.288949150786727116e-01 8.237987202923990893e-02 1.752435395335634194e-01 4.371051492830104607e-02 1.548934233048033793e-01 2.193014442712343248e-01 -2.185019158614907031e-01 -2.457067421984360234e-01 -5.126522255387459814e-02 2.532547772803963593e-01 -1.426721503398788449e-01 1.671499013187351668e-01 -6.656607851002067922e-02 -1.955939996739031531e-02 -1.799861329688808020e-02 -5.814591606496510856e-02 -3.990829240916668463e-02 3.806084278173272467e-02 1.290457630629420274e-02 -1.043003476734207929e-01 1.731993532073053399e-01 -2.678926345961549771e-01 -3.537910486224404155e-02 -2.954517325734996591e-01 -5.908392764139931003e-02 -9.047827545138914518e-02 3.443894255091625028e-02 8.020317395774928526e-02
-2.779684803323562332e-03 0.000000000000000000e+00 6.955509905274550111e-03 2.518631559939990983e-03 -6.779762980058666455e-02 9.748134192846841239e-03 -3.432313634492215049e-04 -1.440049333770764169e-02 3.892753481787644687e-02 -1.419418995496538605e-01 9.734479648613671154e-02 -1.139116663985623688e-02 6.816082527887097620e-02 4.606737044748805687e-02 -3.179811134654964011e-01 2.129428013123728369e-01 -3.440486861206387692e-01 -3.041244787005153993e-01 -1.540124563820037262e-01 3.885886653003359781e-01 1.225763301485049694e-01 9.241819749150848029e-02 2.707596610881991550e-01 3.258311821366488559e-02 -1.762551069249091926e-02 1.006546609738558640e-01 9.784297260979732402e-02 -2.889069029655614296e-01 -1.266841035903725488e-01 -6.855471284810836508e-02 -8.282099488088108530e-02 -1.603633054790561119e-01 1.975495540159704841e-02 -6.719311945027924005e-02 -5.424719340741899348e-02 2.016376781876787552e-02 1.067068192673703564e-02 9.316726141243446280e-02 7.987917923114966345e-02 5.390267643500614575e-02 -1.013112356835048217e-01 -1.499883735693752496e-01 -2.146378539093424243e-01 -2.129384930573890652e-02 -2.352724061835250735e-01 -3.955084752006497728e-02 -6.994667253146269470e-02 3.645437849501113620e-03 5.276533867853878956e-02
4.799007740198834616e-03 0.000000000000000000e+00 2.547277852831653523e-03 -1.110584478199459595e-02 6.232053257538775620e-02 -7.703323237298669197e-03 -5.080046815262452553e-03 8.809874428783509223e-03 -4.915785525226331470e-02 1.315293156268060315e-01 -6.219589449032333212e-03 1.049869354558126584e-02 -9.696227111449866320e-02 -1.525598329207818182e-01 -2.568580638823344531e-01 -7.910896101980309514e-02 2.773681017227928036e-01 -2.661401925587504880e-01 -1.704675250376719298e-01 -7.881359277001750985e-02 1.537546882068147602e-01 3.669006962813831096e-01 1.272586474060782846e-03 3.876572002058675803e-01 -6.345710234749724066e-04 -1.227724109067344360e-01 2.550417242459530054e-01 2.774292188117645219e-01 -3.633482648554334782e-01 3.394592250702677810e-02 1.229780633868142806e-02 1.277984951534920921e-01 1.342995147855583632e-02 5.389095114248512730e-02 2.695757153757967484e-02 9.218301481851686949e-03 2.180144796154323203e-02 3.204841797647710322e-02 -1.240786531234919741e-02 -5.714848010492551422e-02 1.160424485567673747e-01 -9.980101173676053650e-02 -7.746073378044006710e-03 -2.482595518753284713e-02 5.519505336801546619e-02 -3.365901206189915451e-02 1.620793293588639050e-01 5.756773394089300527e-02 -7.776925376688482994e-02
-5.498540470289818918e-03 -0.000000000000000000e+00 -1.180002039252032705e-03 1.603368544075606597e-02 -2.416949622698004799e-02 -3.479206347865840959e-02 1.009279112492734477e-02 -6.298043064645673927e-03 5.067505989562583885e-02 -1.554373623988219710e-01 3.624434211691457408e-02 5.124484704168384003e-02 1.636458144926328795e-01 2.400064595289770897e-01 8.764075054017440858e-02 1.622782000743384356e-01 2.242956653018488289e-01 -2.300270991220896288e-01 5.099855048349439812e-01 -6.562365260682891110e-02 1.636695313938676122e-01 -5.604488426239123688e-02 2.335541549431013886e-02 -4.142087800410103327e-02 2.418547362884324384e-02 -1.063328173563113932e-01 -4.180417071031208853e-02 2.335963976797405528e-01 6.872588139561884579e-02 6.023006957364183261e-02 2.216539472890413365e-01 -1.365589407506281883e-01 1.758986333557623072e-01 -8.618439685484804991e-02 5.135586114532498386e-02 3.361628292144452912e-02 4.146081911641228551e-02 6.958095391845978139e-02 5.673996194253821956e-02 -1.039983787522416186e-01 -8.088298390459638942e-02 -1.095768439523878701e-01 -3.135929645537606780e-01 1.166316669577573302e-02 -1.971671251872318953e-01 2.415969293002427284e-02 2.791452536643549975e-01 8.693610748945998154e-03 -8.594690861864673348e-02
-3.269216613172722802e-03 0.000000000000000000e+00 -3.603569490522489857e-03 2.335811005131577592e-03 -2.585243193919383592e-02 -3.018544333390497936e-02 -9.068641890836649788e-03 -7.820628452483029819e-03 4.116422238416764419e-03 2.994404359842300564e-02 8.116732527992527590e-02 7.704249986340541700e-02 1.653660199069686698e-01 2.680194677898557476e-01 1.450656667375526676e-01 8.247150536786530817e-02 -2.385024260379919880e-01 -2.279060576880690137e-01 4.348313943672694748e-01 -6.847021773471462236e-03 -7.258460637637370594e-02 1.756305750965140300e-01 -4.618584906619281616e-02 2.734961525805620908e-01 -7.392558942814243805e-03 9.445969580663224341e-02 1.116573214754916776e-01 1.314660080213976220e-02 -1.016088408924148145e-01 1.744052639797866525e-02 -1.620032028946012670e-01 2.572657523776788469e-01 -1.474801369255216155e-01 1.581847729483009390e-01 -3.157449890044741747e-02 -5.778897370240600184e-02 -2.219525230900875473e-02 -1.053857010232755465e-01 -1.949617224329743270e-01 2.005828798041703054e-01 8.338839564957492567e-02 3.411370542120484850e-01 8.419699954977748202e-02 -1.805375832446557208e-02 3.784592979109974338e-03 -3.502876007995273100e-02 -2.008243310626277589e-01 -3.314764080441971218e-03 9.403945036032633487e-02
5.836236379519391462e-03 -0.000000000000000000e+00 1.541361757391737858e-03 -4.838934906396440139e-03 -2.548793351739504082e-02 5.136247061302038480e-02 1.482110067299190551e-02 -9.728891260237413144e-03 1.107132511414136988e-02 -1.077507668916405509e-01 5.366371561018060121e-02 -1.521995575008230350e-01 -8.924872835724191600e-02 1.677438226532063370e-01 3.252930326548389428e-02 3.237118447580077385e-01 -9.346933872880636152e-02 4.845288913379043882e-01 1.556222563644951706e-01 1.345687827832459382e-01 -1.633348208334587104e-01 1.359739563924546868e-01 -1.176529255068076429e-01 7.125711783292432155e-02 -1.426842296166788357e-02 -4.855578071981915544e-02 3.245420156139347534e-02 -1.710536863573386412e-01 -2.339895323022186668e-01 -8.835895023158122849e-03 -4.287921265983262419e-03 2.715321381530869105e-01 9.300577333764764934e-03 8.902478700138394263e-02 4.531198466269689001e-02 3.820148615674219539e-02 1.101721155304541955e-01 8.698543185425272606e-02 -8.388139474496907055e-02 -2.067835277399968918e-01 2.121201430378302499e-01 -3.813972207236160927e-01 -2.771997849999145724e-02 -1.100758011668340024e-02 3.298665539892327303e-02 -1.330616486984649224e-02 1.533244863063073504e-01 3.245240944896390228e-02 -8.411108975571569835e-02
-1.727260012346571935e-02 0.000000000000000000e+00 -1.734731030315222328e-03 2.288571218348780991e-03 -2.072999100812102438e-02 -4.025359680544353391e-02 -1.132410651668476140e-02 1.014664507496068450e-02 3.871540108955627557e-02 7.192791594131436872e-02 -1.059419962334238879e-01 2.534543363719983788e-01 1.583094439041601020e-01 -9.132428396277281202e-02 9.645916299088252988e-02 2.330032046589925604e-02 -8.451035376105392460e-04 -3.002010419735032798e-01 -1.373530849858738412e-01 -1.320544354956374733e-01 -2.126369407616485463e-01 -6.961444619390919075e-02 1.964057279864502709e-02 -2.617464620954894072e-01 1.456873988230294181e-01 2.299379085639297604e-01 -7.630778015674663517e-02 -2.101223447922269394e-01 -1.112735712979240343e-01 2.829957806758385819e-01 -3.889808135853900506e-02 2.201607548903272704e-01 -1.958178314453974389e-01 3.797914087187039683e-02 1.153374552711398382e-01 6.031530191859518081e-02 1.620988615677459999e-01 1.362449369073028341e-02 1.903231019622216302e-01 -1.480127006515897792e-01 3.729326551840476678e-01 3.746135243255933889e-02 -1.379823470515967598e-01 1.776380243408592257e-03 -4.643337893446332354e-02 1.219859750815213174e-02 2.355007529875021710e-01 3.779989272322754890e-02 -1.952350476020929884e-02
2.057561149269362347e-03 0.000000000000000000e+00 -4.616095267305819804e-04 1.059549238353270015e-02 -1.576320748631574245e-02 4.078420876177561521e-05 -4.297078011007322840e-04 8.084694446895390393e-03 2.334954380454273837e-02 -1.519941887066890429e-01 -4.009598561488296464e-02 -4.434957035429074740e-02 1.318063296851011423e-01 -1.432238095783765486e-01 8.474599970334341370e-02 -1.197013895856964827e-01 7.223948116760142701e-02 3.836740205540398879e-03 -2.375392393176808670e-01 1.729099239982403446e-01 1.269663400845694456e-01 -1.237811646531226939e-01 -3.523265780077383669e-02 5.805872934742661862e-03 -6.279447481697564282e-02 -1.142430762928100529e-01 -6.768186975601141186e-02 1.162023686757534396e-01 2.484594412381025130e-01 -1.564521492567421124e-01 -5.713637888687621291e-02 4.497340550129824699e-01 1.189832451722566964e-01 2.193500122099128757e-01 -3.922023301919856653e-02 -6.973111238326321071e-02 -6.393642041906705265e-02 -3.761032470471513400e-03 -3.312417533172600792e-01 1.606863237828136115e-01 1.915771185398156551e-01 -2.289909287424278517e-02 -3.344865136986255316e-01 2.861432816342599286e-02 -3.159163391616405248e-01 4.664032270441485079e-02 2.118213368681130457e-02 -3.276197002845952777e-02 1.126420470356750796e-02
2.301700646882795520e-02 -0.000000000000000000e+00 1.352380169311108785e-03 2.074724623490942915e-02 -6.119693731461457731e-02 1.412691250868903549e-03 4.787150914872730090e-03 5.270266268029433080e-04 -6.042440758644863907e-02 -4.161763597575432461e-02 3.434438662844412071e-02 -1.942974792921651206e-01 5.132664891188686712e-02 -1.156565639084508601e-02 1.052554412399791806e-01 -2.044827551806185917e-01 -1.501753762064922393e-01 1.434509005184216313e-01 5.652696000596724168e-02 5.269276201183706321e-02 3.746153474698941110e-01 -1.423963383570853343e-02 5.205703119071932727e-01 1.010661654312016572e-01 1.925101538734148854e-02 2.442201717053910093e-02 5.499151092582128808e-02 9.061664690019605173e-02 1.564132239915909106e-01 3.154835619952126580e-01 2.302769109338077547e-01 1.285434561929044983e-01 -1.295966034609431772e-01 4.072974503499811327e-02 -3.105255770707811280e-02 5.529271689774366977e-02 1.626371794342370836e-01 1.330968684770033883e-01 7.760163073390975719e-02 -2.474158965886422978e-01 1.751794554140126137e-01 5.423157766374459704e-02 1.114219567432749025e-01 1.219361319204047452e-02 4.633724114233819108e-02 3.587303699490122788e-02 -1.740089107804646540e-01 5.453778597077642287e-02 -4.966942660294693113e-02
1.095398601763608246e-02 -0.000000000000000000e+00 -4.179622155618898001e-03 9.634568065628450195e-03 -6.039057500767092135e-02 -1.702361691930555365e-02 1.467226210546606485e-02 -1.892387024362988121e-03 -3.645443928613244233e-02 4.440161296403755814e-02 -5.710633980070827648e-02 -1.552222933673269578e-01 1.020851318965870919e-01 2.693675374695322922e-02 1.524497607778183828e-01 3.134053808819968201e-01 -2.747639872598219360e-02 -4.187175728874362179e-02 -1.598264562517481557e-01 -3.765550133281406198e-03 2.307488529715488734e-01 -2.416163018727102152e-03 2.535206086397171488e-01 -2.714699482646896755e-01 -2.675777003277483163e-02 -2.538743022442398189e-02 -8.522081887577413750e-02 -4.475563438439755792e-02 -2.975690070714862578e-01 -1.771338206263721460e-02 1.601372397590627994e-01 8.664713327550921385e-02 2.762733766989736162e-01 5.328638404332897149e-02 -4.877853891436301909e-02 -4.705271339161664484e-02 -7.978206578704369334e-02 -6.386735151560915535e-02 -1.819576443345757855e-01 2.332484552698435853e-01 -4.945562037878779155e-02 2.213844665188722804e-01 1.815089752603137041e-01 1.656725259167902975e-02 2.991754048717698011e-01 1.285912312019442220e-02 3.425712504886367915e-01 -7.953352056857566910e-02 2.821698097015742229e-02
1.067165286009424605e-02 0.000000000000000000e+00 1.079402702692405704e-03 8.768622363566272795e-03 -6.672029094962035611e-02 -1.774350677017190459e-02 3.641317963161562477e-03 3.917070911425951131e-03 -1.728211779963290812e-02 -6.040683166846842755e-02 -1.108906933605163271e-02 -1.264786660045693623e-01 9.823521595701001363e-02 -9.205549144498101355e-03 -4.526988070916014573e-02 7.227723536003850813e-02 -2.429706859855050305e-01 -1.712245757105517741e-01 -1.792177551716381267e-01 1.135229765215289843e-01 -2.604383735880884121e-01 3.362533160564978862e-03 -3.960084554261074641e-01 -8.364760103311080774e-02 -8.662151594097840246e-02 -1.295161121895160861e-01 1.120251772981327304e-01 1.780282617168909010e-01 -7.853082504202385516e-04 2.710518222571382807e-02 5.377726703675972386e-01 2.536178066606309400e-02 1.133158575615218489e-01 1.744936408071150191e-02 -2.258949935840219581e-02 5.532466804491849299e-02 1.522141205312927681e-01 2.797316183926848998e-01 -2.294709821110730436e-02 -1.489281334392954514e-01 -1.117358252591227862e-02 2.300574393381664418e-01 6.137534220185602435e-02 -4.259218521240799166e-02 1.961459407010820045e-03 -6.631246484301044075e-02 -1.600209146303911423e-01 6.208753714529526013e-02 -2.444279716742800770e-02
1.552993526870306666e-02 0.000000000000000000e+00 1.884756346094577494e-03 4.291343084567611141e-03 1.306817368793391360e-02 1.335947039981347402e-02 1.179438894007118349e-02 3.144331126814647100e-03 -2.422010537664802746e-02 -4.017158217808955434e-02 2.007817255204534003e-03 -2.221245992270426406e-01 3.786153815116036908e-02 -6.003235804570256073e-02 -6.092259910836203551e-02 -2.213758287088509469e-01 -1.241056291503367381e-03 -3.732072085000652517e-02 1.217685581795171224e-01 2.676144782650067278e-01 -2.217861701255550155e-01 2.535564516423807757e-02 -6.939623567298885964e-02 2.915514779293502667e-01 1.396176055705789509e-01 9.603980673830685155e-02 -7.454514498819933555e-02 -1.559675213385229853e-01 1.399799238994319239e-01 1.693975899479945035e-01 1.580123927572867348e-01 -1.687833734364469276e-02 3.769443095109152875e-01 -5.450945869640788644e-03 -1.843304592057191382e-01 -4.996687033093182018e-02 -1.982908945979994786e-01 -2.442343901809499174e-01 3.275806832355348530e-01 1.630594639584002914e-01 2.439412482135871751e-01 1.145142174571263903e-02 2.981441260812113525e-02 4.058226344606920971e-02 9.970985380913995055e-02 5.861258547257004736e-02 1.929916857660418372e-01 -7.872776930557064123e-02 -9.695825941731722047e-03
-7.912477213633972717e-03 0.000000000000000000e+00 -1.208887100630734500e-03 -5.687542111373000090e-04 -4.712588891053139800e-02 7.154169511499277115e-03 -2.217685512596524744e-03 1.238409236058748497e-03 2.831298844826236547e-02 2.220036871644902321e-02 6.169747165547427581e-02 1.181134056480781375e-01 -4.593860292268475004e-02 2.007815444101254676e-02 5.078646150360634215e-02 2.358066003557149348e-01 -2.431070286750455223e-01 6.937076338009172394e-02 -8.308671822044559618e-02 -8.136906147195088757e-02 1.268952654979018657e-01 -2.726560888632499624e-02 -6.422375188436027504e-02 -2.349096450536047320e-01 2.288652647398696782e-01 1.665016582155701141e-01 4.468982335900514302e-01 4.379545058865268459e-01 1.054693477510518507e-01 -1.045467678611301243e-01 -5.238605640728682955e-02 1.670161445413395618e-02 1.220752453309357222e-01 -3.590231613458394477e-04 -1.264097890659604817e-01 -3.634362941694331550e-02 -1.448553627551416867e-01 -2.819925676457371022e-01 2.356062095696046244e-01 -9.896464290628681493e-03 2.093619099105253623e-01 -1.559700381867396013e-01 2.275711532290309452e-02 1.759815115747037639e-02 -1.287822024099646856e-02 2.891137141673394070e-02 -9.340305899205811335e-02 -1.917695918183933562e-02 1.685792677966323205e-02
-6.966257461361461192e-04 -0.000000000000000000e+00 2.043906495335214967e-03 4.620282268721707074e-03 -3.280690972959390828e-02 -7.579616327714876894e-03 6.596048958748591123e-03 -1.412216016431730751e-03 1.218680374982637933e-02 5.389097150912451617e-02 5.704267288728623320e-03 -8.293337351419365067e-02 3.933512415335391199e-03 1.380144889367293515e-02 1.772619629389669479e-02 5.404266946575707331e-02 -1.234600282443413244e-01 -3.134593848795275139e-02 -1.019080476518273021e-01 -4.889583003174047260e-02 4.951843407275909742e-02 -9.788205664225321789e-03 -3.194483396115815887e-02 2.851011235502333707e-01 3.760689056357003346e-01 3.393724288717411830e-01 -2.071456617127722666e-01 5.897457997446645117e-02 1.965264154065983204e-01 -3.627677865858283113e-01 1.185575287948618939e-01 -1.430686597066682664e-02 -2.372411835810131486e-01 3.198042742037857100e-02 -1.943638515355549101e-01 -5.476751046259883959e-02 3.826999985631274193e-02 -7.244882554449355583e-03 -1.398550306357639328e-01 -2.544233049352687681e-01 -1.479904412460901486e-01 4.970239668365786234e-02 -3.878817765808875717e-02 -1.122952977134001884e-01 8.506296913621935740e-02 -2.015248176113375866e-01 3.332129779345390230e-01 4.941359375345792670e-02 -1.921683587309130914e-02
-9.363379685795777604e-03 0.000000000000000000e+00 -1.635344821066408169e-03 -4.156914048929261953e-03 -7.358624193195738294e-03 -1.635244236947113253e-02 2.589808040177188700e-03 3.489220163015314697e-03 6.533814594751044189e-03 9.352524403742426551e-02 7.547768224429218797e-02 7.538074840867060866e-02 6.376238627767108480e-03 9.483491898692943123e-03 4.341628573117537609e-02 -1.719335900605631351e-01 -3.073209615195680033e-01 -3.694628934122612396e-02 5.064886390430983765e-03 -1.410066625121723927e-01 4.954229656076222094e-02 -9.249847261426318371e-03 -8.764639541275522083e-03 1.055890424283393303e-01 -3.154741780299512577e-01 -4.485293481818610623e-02 3.262326033331046649e-01 -1.748498395545019790e-01 2.931299301520854383e-01 -1.719301486979560034e-01 6.711800608921458799e-03 -1.061431862676869009e-02 1.025358450846859948e-01 2.204523395438231503e-01 4.330437299144888619e-01 1.006025964097202879e-01 8.699285347594148954e-03 3.243261243809947292e-02 7.295126362581494384e-02 -4.274594285748101186e-02 -7.870426688288362227e-02 -4.414345278174389153e-02 5.107245400945786828e-03 3.980895561175948338e-02 1.398347936764623711e-01 7.635093906016465759e-02 3.849433930960538541e-01 3.505705704051301219e-03 1.259432320203240363e-01
9.314670537914122471e-04 0.000000000000000000e+00 1.311628575942944391e-03 -3.319182203740977705e-04 2.959680202630880774e-02 -3.249857368964057316e-03 3.379084570663690862e-03 5.984032830844857563e-03 -5.893751160337305089e-03 3.136601092281087431e-03 4.320507279892067676e-02 -5.646263047323282769e-02 1.008616586355518333e-02 2.035751122901070104e-02 -3.248455753709697524e-02 -3.038145864248820716e-01 -6.022679116125235349e-02 -2.771930264107462516e-02 9.678195185983340387e-02 1.700576907705306229e-02 -1.047390696863505499e-01 1.140965767165724731e-02 4.236761122171429569e-03 -1.884009327596979921e-01 3.582598589507977049e-01 -5.736212839780120698e-02 3.913754561324126469e-01 -1.541147793840491331e-01 -1.654052090895227756e-02 -1.357858666183558993e-02 -2.291015340047934667e-02 2.125971516176129728e-02 -3.623492954794454990e-02 -2.613668830862732051e-01 -1.587366751715542923e-01 -1.028411256829334375e-01 8.566348914283913873e-02 1.277671974026191870e-01 -3.483936287191328196e-01 6.923059660355986022e-02 -9.876028118051596860e-02 -1.806868387517365088e-02 -1.039819978813216750e-02 1.842525598169525991e-01 5.273148589705670131e-02 3.774671006956067387e-01 1.444884138953460018e-01 1.193426943044153532e-01 -2.228729069041846533e-01
2.183454436027689252e-03 -0.000000000000000000e+00 2.010668200237058882e-03 2.944221535217964036e-03 -2.582186515834726179e-02 -1.267772458580141868e-03 -1.956908386769800473e-03 1.968147754341534068e-03 -1.662756448508597926e-03 -1.072759762349719329e-02 1.272239852817683495e-02 9.302046717098045453e-03 2.095070451086132948e-03 4.693426965882676466e-03 2.657853553750449960e-03 2.581005321558476062e-01 5.037861385546572868e-02 -7.929716848398452034e-02 -1.561573952475898419e-01 1.563646803309337238e-02 -6.621744771152959785e-02 -3.721593523698416700e-03 -9.686443530837186150e-03 2.033222125542881176e-01 -9.094754280133593438e-02 7.310504186385881342e-03 -3.729857072915705729e-02 -1.214377859597365328e-02 6.540195813749913323e-02 1.656224785538726874e-01 1.202225201982182329e-01 -1.493351947433152471e-02 -1.179347914034143963e-01 -1.431613397041612279e-01 5.856391528153181980e-02 1.021532718781006932e-01 -1.641248629373841528e-01 -3.436490446552495359e-01 -2.343632949285416045e-01 -3.628806652175786684e-01 -7.678364911995452791e-02 1.932299501473357800e-02 -2.034400251994084030e-03 2.824292790005187292e-01 -2.841794190946520665e-02 4.763419490411119894e-01 -4.918157885749213643e-02 -2.548919350579475496e-01 1.889784820373763274e-01
-6.895824081272143580e-03 -0.000000000000000000e+00 -2.842430815797590462e-03 -1.549768592334302029e-03 -1.757047943777060792e-02 8.659514226742399045e-05 -1.220275036882335559e-03 -2.831268696786837062e-03 2.632677858004463939e-02 3.962661957586296330e-02 2.912353334605715174e-02 9.827831957784967376e-02 -2.463789216067175086e-03 7.820241900575689020e-03 1.802343361860221302e-02 1.166515255426012337e-01 -1.200586816368297109e-02 6.948375848488017037e-02 -7.480007206988811830e-02 -5.593448252622894995e-02 2.663415503180850338e-02 8.092852684148527098e-04 -5.413764366779005854e-02 1.870230313001451095e-01 -1.779337211683300612e-01 4.536222943732700075e-01 -2.004825256476216178e-01 1.850562777114620194e-01 -9.809124355883044183e-03 -2.774824811577761979e-02 -4.051857767757233858e-02 -3.108456264456677109e-02 1.448983774239101519e-01 9.671256201246236639e-02 -4.799468937426768639e-02 -6.539735835526924723e-02 3.094214046890378933e-01 2.792617050716392213e-01 1.292500540141882370e-01 2.653032977581382124e-01 -4.676750017437188156e-02 -4.856173603560420826e-02 2.097869935631246907e-02 2.268045484906520692e-01 1.338831231706916203e-02 4.576138376481944103e-01 -3.880987084930211106e-02 1.168165296513420104e-01 -1.622439754278039992e-01
4.068817720118618995e-03 0.000000000000000000e+00 1.979293328802637485e-03 3.782576066092009745e-04 1.027912062846642917e-02 5.458537145219722816e-03 3.175578010757647458e-03 4.234211600064483223e-03 -1.135234829780950097e-02 -3.455857629146313718e-03 6.563050590026481279e-02 -5.784687371459470984e-02 5.282750766995409145e-03 -2.103611540191833995e-03 2.860697176643124326e-03 2.217244605826778625e-01 3.948764717189317541e-01 -2.215733574739275208e-02 -3.735053277370838781e-02 9.399332087563672111e-02 -6.591116649410885819e-02 -2.477138098036386557e-02 2.542023640157986542e-02 -4.748888710960334769e-02 -2.590867992363073413e-01 7.695110325463649925e-02 3.546378744714893672e-01 -1.969377347609900519e-01 2.592605814840534539e-01 8.719106407716936680e-02 -5.888397537944539684e-03 5.723646613381427883e-04 -8.201316037483005750e-02 2.278155557522845709e-01 -3.658317917612692316e-01 6.945079176640082952e-02 2.933043914834492227e-01 -2.551753917781969250e-01 1.741902090479863219e-02 -1.094112954798504012e-02 -1.506713998039805602e-01 9.593649698809618431e-02 1.193176741227863769e-02 -7.262007566417955085e-02 2.983578648002133127e-02 -8.599724013290760416e-02 3.731586309906355370e-02 2.217501000998590155e-01 -1.041852195032092615e-01
8.862919421457147312e-03 0.000000000000000000e+00 2.393383971070328978e-03 6.290643830992018095e-04 1.719112220527871382e-02 2.432550186588439047e-03 6.265298945810921644e-04 2.510086349971224658e-03 -2.166891934390214464e-02 9.019036342699413358e-03 3.898006938562308815e-02 -1.461338908729872821e-01 5.444827158917104476e-03 -2.437719178489183847e-02 -5.863491351833580861e-02 2.885622376962660440e-01 3.817173745753074665e-01 7.670158022585790714e-02 1.713640891550358841e-02 1.397034372739521801e-01 -1.640606635659358492e-02 -1.586376496712808837e-02 4.359587796427318029e-02 1.813205769770543513e-02 2.630683101812653635e-01 5.332543281615945152e-02 2.208484967600919113e-01 -8.990354963550481471e-02 1.564281978925420313e-01 -1.333289877340461393e-01 1.699482772627225469e-02 -3.196198164741204106e-03 -1.730445550381660147e-01 8.884170720245165853e-02 2.988680375094321384e-01 -1.178536041479843616e-01 -2.608135963447412720e-01 4.166853196701672535e-01 1.880915412595327019e-01 7.172108134223725839e-02 1.076297241724282205e-01 2.661933701310302824e-01 2.209469878913999930e-02 6.260266863077557087e-02 -1.520807713305094566e-03 9.971926353643602303e-02 -4.787336546364148737e-02 -8.161410662288000328e-02 1.198183250441268999e-01
4.722588005250223653e-03 0.000000000000000000e+00 -4.545856891469013546e-04 -8.066785337239488433e-04 4.398694199660405264e-03 4.293452829834859368e-03 -4.402687596890661643e-04 -1.315926742692355997e-03 -1.518955542002784452e-03 -8.676214022932584452e-04 2.076553827122201712e-02 2.616351059633215820e-02 2.983314850155563934e-03 1.245303828596807175e-02 -3.825460166983596366e-02 3.681459623043809026e-02 2.100462728744088500e-02 2.640735584255170677e-03 -8.471956592398660613e-02 2.837050883902628856e-02 -1.616983971093090278e-01 -8.538221113341029622e-03 5.132752047597276962e-02 2.468583320310340293e-02 2.478499575479761741e-01 2.493587223742970982e-01 5.770055641949318331e-02 1.090645104020984968e-01 1.091781105884241099e-01 5.165355518277197078e-01 -3.407539021097237553e-02 1.415350330232323373e-03 2.353871329952212654e-01 2.284387576421461064e-01 3.203178901589611161e-01 -1.451418036539669776e-01 -5.859726615068518857e-02 1.389160351370084812e-02 -2.904266905730265025e-01 4.193978158562012420e-02 -3.456756482486055826e-01 -2.052270314331989531e-01 3.416763355980395600e-02 -1.067522157353701651e-01 9.501686821179300413e-03 -1.983358129506646583e-01 -6.529237003138177453e-02 1.803588507082588832e-02 -7.431462311677662635e-03
-2.439091840824973018e-03 0.000000000000000000e+00 -2.607305206990602909e-03 -2.922571210678983483e-03 -2.161397590627396614e-02 -9.911534162255562774e-03 -4.357919838407558685e-03 -1.516647878410123810e-03 -1.009202430318777155e-02 -1.292296152714685759e-02 2.023553786523919762e-02 -5.066374012847861021e-03 6.543743507000831378e-03 1.186257744459322944e-02 5.639591833812000743e-02 1.642356732535257269e-01 -1.068727282313891407e-02 -7.372524044581947600e-02 -1.059485341005982906e-01 -8.030369351423294333e-02 1.342363870449433602e-02 -4.625214664844820578e-03 5.745580137492703465e-02 1.530516911448227824e-01 3.952114043950113453e-01 -4.090626962787505816e-01 -1.215595294941485827e-01 -1.300591044993370249e-01 7.824828921913007385e-02 -1.622002481471182811e-01 -2.519388870487709875e-02 1.023470194113407922e-03 1.792184008244554760e-01 4.691735032286775686e-02 2.846241766804274431e-01 -1.434571134181272800e-01 4.748461680021220932e-01 -2.846009165224292481e-01 1.351050315097044596e-01 3.080904948475082783e-02 -3.215472862643425911e-03 4.216820807147077244e-02 5.444414716816112221e-02 2.911861620367156567e-02 -1.161605896966533269e-02 8.399017827543270309e-02 -1.854083895550035499e-01 1.230637017620095086e-01 -7.759129484971841184e-02
-3.375131162604402997e-04 -0.000000000000000000e+00 1.526486889196825405e-03 2.146647552347259735e-03 5.454927358625502598e-03 7.226177696714528378e-03 -7.718414906060858116e-04 7.899603459685336938e-04 9.632889064712452792e-03 -2.526389866390243294e-02 -5.220661799984609164e-02 3.869931889111230885e-03 -9.149521052829102941e-03 -6.825233108008997573e-04 -2.958287684958806757e-02 -1.909303054132202859e-01 -8.493956177388449838e-03 2.594539802412883928e-02 8.475170643582392860e-02 3.772149331555829654e-02 -1.586217558270741623e-02 1.129325053566198993e-02 -2.193924798271067178e-02 -1.421511674421997717e-01 1.926646472544734923e-01 -1.147828928635546697e-01 6.450605377660408035e-03 4.338496126784285173e-02 -2.147435124339359958e-01 -1.050972778778214156e-02 2.429494190530816222e-02 -2.235461677957234494e-02 -9.080971678867726105e-02 5.841911946071413064e-01 -2.434010237686070610e-01 -2.511268772987878747e-02 1.695879832334747372e-01 4.301676722729683155e-02 1.818382334286924584e-01 -6.761577876618130034e-02 -2.544695501499319445e-01 -6.618559174024701841e-02 -3.661103753738909061e-02 1.202536787721909112e-01 -3.715245313958731588e-02 1.396848722014190636e-01 3.421663079814418751e-02 -3.788506142612547700e-01 3.176426995815239684e-01
1.635505810264210533e-03 0.000000000000000000e+00 1.505867892621379298e-03 2.094625184493675244e-03 -3.253041582244813913e-03 -3.788265899062284985e-03 7.508158146517078003e-04 8.336613753941666790e-04 -6.814114056736075495e-03 -3.516042290973631773e-02 -8.818303382932211540e-03 -4.094874848336708950e-02 1.327468278337418702e-03 -1.442569791415308084e-02 -2.550980052138612005e-03 -3.387669866303286148e-02 -7.462283902671931757e-02 -4.471102389268902244e-02 2.493858860434071401e-02 7.888539645609409651e-03 1.320077653223199893e-02 5.613978185753411287e-03 3.801838170734331279e-03 -9.082614901251014061e-02 3.606663979322421998e-02 -5.523301921573052498e-02 -1.413633584828871970e-01 -3.594785824361271254e-02 -1.540821481120737690e-01 -6.246814694947383506e-02 4.638870510911924372e-02 -2.574929000743134133e-02 -7.686133136725012416e-02 4.195871925510733513e-01 6.737119408937992937e-02 1.028824715262999234e-01 -4.640552715442423648e-01 -1.336230305479185754e-01 1.013484895940909014e-01 -1.533482340386976839e-01 -1.268055526717239978e-01 5.249561695416671281e-02 -2.710013927733517791e-02 4.603891266261378457e-02 -3.921675552417430710e-02 2.009333489062147537e-01 -8.362275588914708235e-02 4.863233052580437921e-01 -3.893321655877794440e-01
6.251281489218557183e-03 0.000000000000000000e+00 2.021786401627367023e-03 1.492969918303811271e-03 6.763178112262790108e-03 8.654299024574218374e-03 4.066960951858706111e-03 7.426054189903608484e-06 -7.551822865320918787e-03 -2.346677945160823703e-02 -3.559009434154166568e-02 -1.247236746646358391e-01 -1.169885777024753763e-02 -1.447212369704659052e-03 -3.991008441205858015e-02 -1.155690740881186729e-01 8.396410474222970599e-02 1.990481823695300703e-02 5.624468721367685553e-02 1.538217159252956434e-01 2.609191338175408451e-02 7.691468622383720866e-03 -1.742479188624139821e-02 -8.395576502188416279e-02 7.102689708281496872e-02 2.625366180441742192e-01 6.243236014808846435e-02 3.840115137183001959e-02 -9.153565205141007965e-02 -1.769148196219455238e-01 -2.012712773727494409e-02 4.908664857045968999e-03 5.097126167652921147e-02 2.144578277228103430e-02 2.714029002873721841e-01 5.338490976466893079e-01 1.600257544610983185e-01 -1.656053121759451796e-01 -5.137876698024473887e-02 2.043737819810927808e-02 -1.972901303866754497e-02 1.442221940408338621e-01 -1.581507483343908005e-02 1.089775398783455682e-02 -2.903468460099981052e-02 -7.644028397469682101e-02 -8.968013487919951343e-02 -4.158315139328388477e-01 -4.225160562317845647e-01
9.138487482049578031e-03 0.000000000000000000e+00 3.035463269523714508e-03 2.933941280685348468e-03 9.778111318440278407e-03 1.770371850489628127e-02 3.266619931496956078e-03 6.378168834124902211e-04 -1.220583182263961647e-03 -1.330596166675811036e-02 3.763179906641681179e-03 -1.167978281526023260e-01 -1.702041391009316562e-02 -8.287513094269449709e-04 -6.529095984670493791e-02 -1.283819992008490840e-01 1.040738946046574354e-01 6.790806129643581213e-02 7.719059105985937030e-02 2.137864838950309099e-01 1.772151894320111304e-02 1.011945415371733048e-02 -3.164224784383957295e-02 -1.187942428552598156e-01 1.100196038835069418e-01 1.659488430712500462e-01 -4.714016632172160493e-02 1.475327565570251354e-01 -1.167231450849848945e-01 -6.619114099717961219e-02 -2.036637595744113238e-02 5.971848410624702730e-03 6.459471665349317271e-02 -8.474416144837360054e-02 1.582771417341980180e-01 3.592986511884194156e-01 1.406375928810249532e-01 -1.256559383340781488e-01 -6.920792626941257852e-02 2.480433499931325447e-02 1.709719409195654960e-02 5.773683528260989406e-02 -1.028618053974139634e-03 -1.617663120838288421e-02 -1.420305095833632181e-02 8.270720363958276866e-02 3.617661336949318240e-02 4.855506620883553448e-01 5.877888244373890014e-01
-1.033560190401120946e-02 0.000000000000000000e+00 -4.910876401692679770e-03 -5.174242775398326180e-03 -1.280578101732131324e-02 -1.488756884962794819e-02 -6.489747009570499478e-03 -1.238243296174939374e-03 1.110140350486686633e-02 3.289751127061815716e-02 3.438418792866306667e-02 1.511404222544814602e-01 2.062743130412695094e-02 6.510244616234103776e-03 7.106793004413219927e-02 1.664765121360397837e-01 -4.225857690321858234e-02 -2.654531713097139575e-02 -9.062229355071677039e-02 -2.221135080048122767e-01 -4.857781142262530133e-02 -1.274921990677266304e-02 5.173686960029613702e-02 1.781056451678707797e-01 2.356216097184306302e-01 -2.337261963018930633e-01 -2.760718452989378152e-02 -7.948293873268688636e-02 1.749106527126387811e-01 1.082261451410533593e-01 -4.376708342523015494e-02 8.776047580127399605e-04 8.136490158177747678e-02 5.534514865953184259e-02 -2.649954277998864405e-01 6.661783983590334746e-01 -1.313204615761417449e-01 2.655377994898194816e-01 -4.673221151623138669e-02 2.125096829109450192e-01 9.844410013626625489e-03 -1.271946387196992712e-01 5.441237814031230080e-02 -2.484921484641189338e-05 4.025558509565699272e-02 3.307663191842558081e-03 -2.824138311714833455e-02 1.436444363943869401e-02 4.448542730175145815e-02
-3.223599789325504172e-02 -5.860942843647789710e-03 1.488725824771492843e-03 8.249355043154412218e-03 -2.269265234768642545e-02 4.418413541750919327e-02 -2.958249915857412080e-02 -1.516401860124342443e-02 -6.245886233824875233e-02 6.391578041670381571e-01 8.714592095326600951e-02 4.839646918892435146e-01 7.545141068823404962e-02 2.735543230510166512e-02 -1.544536420310137388e-02 9.216141068119410029e-03 3.088440512276746652e-03 2.030664672052887032e-01 4.597194237376621417e-02 4.742940854097102421e-01 5.013520705694664986e-02 -1.953781460772170686e-02 1.913210588262607287e-02 6.134669093074983197e-03 3.924248494567678103e-02 -1.326533875983365585e-01 -5.482219787219208551e-02 4.264466214085206597e-02 2.147509482010814472e-02 1.743234728452021376e-02 1.253989799635830682e-01 -3.910633441009337720e-03 3.073244141154954368e-02 -5.230533620590297784e-03 -1.685260643683705872e-02 -8.628417647095770618e-04 3.762576652081533850e-03 -5.478415344564235151e-03 -2.923811609411186216e-02 -3.774693186129440825e-02 -2.377628034867162315e-02 8.106968444715237365e-02 -4.982926285153402302e-02 -3.906970523954745103e-03 -2.425655303694890935e-02 -6.958535771655042015e-03 5.564741192246736023e-02 1.945708451099668890e-03 -7.928345972930454788e-02
